###########################################################################################
#                                                                                         #
#   File standard version (x.y.z)       Minimal Planar3D version (x.y.z)    Checksum      #
#   ----------------------------------- ----------------------------------- -----------   #
#                                                                                         #
     2           0           0           3           6           0           8             
#                                                                                         #
#   ===================================================================================   #
#                                                                                         #
###########################################################################################
#                                                                                         #
#   Start       Finish      Stress      Young's     Poisson's   Carter's    Toughness     #
#                                       modulus     ratio       coefficient ratio         #
#   [m]         [m]         [MPa]       [GPa]       [n/d]       [um/s^0.5]  [MPa*m^0.5]   #
#   ----------- ----------- ----------- ----------- ----------- ----------- -----------   #
#                                                                                         #
         57.79         160.79         78.121             30           0.25            100              0
         54.79          57.79        77.4346             30           0.25            100              0
         51.79          54.79        77.6849             30           0.25            100              0
         48.79          51.79        78.0374             30           0.25            100              0
         45.79          48.79        76.5133             30           0.25            100              0
         42.79          45.79        78.8621             30           0.25            100              0
         39.79          42.79        79.4001             30           0.25            100              0
         36.79          39.79        77.8652             30           0.25            100              0
         33.79          36.79        75.1676             30           0.25            100              0
         30.79          33.79        74.7307             30           0.25            100              0
         27.79          30.79        74.7751             30           0.25            100              0
         24.79          27.79         73.711             30           0.25            100              0
         21.79          24.79        74.0063             30           0.25            100              0
         18.79          21.79        73.6455             30           0.25            100              0
         15.79          18.79        75.5401             30           0.25            100              0
         12.79          15.79         75.639             30           0.25            100              0
       9.78998          12.79        73.5877             30           0.25            100              0
       6.78998        9.78998         73.673             30           0.25            100              0
      -6.78998        6.78998        73.1806             30           0.25            100              0
      -9.78998       -6.78998         77.352             30           0.25            100              0
        -12.79       -9.78998        76.7804             30           0.25            100              0
        -15.79         -12.79        74.5369             30           0.25            100              0
        -18.79         -15.79        78.6235             30           0.25            100              0
        -21.79         -18.79        76.1055             30           0.25            100              0
        -24.79         -21.79        76.2257             30           0.25            100              0
        -27.79         -24.79         80.148             30           0.25            100              0
        -30.79         -27.79         80.148             30           0.25            100              0
        -33.79         -30.79         80.148             30           0.25            100              0
        -36.79         -33.79        79.3112             30           0.25            100              0
        -39.79         -36.79        77.6222             30           0.25            100              0
        -42.79         -39.79        77.6737             30           0.25            100              0
        -45.79         -42.79         76.794             30           0.25            100              0
        -48.79         -45.79        78.5047             30           0.25            100              0
        -51.79         -48.79         77.777             30           0.25            100              0
        -54.79         -51.79        79.4964             30           0.25            100              0
        -57.79         -54.79        76.4159             30           0.25            100              0
        -60.79         -57.79         75.913             30           0.25            100              0
        -63.79         -60.79        77.3749             30           0.25            100              0
        -66.79         -63.79        73.7513             30           0.25            100              0
        -69.79         -66.79        76.2585             30           0.25            100              0
        -72.79         -69.79        76.7214             30           0.25            100              0
        -75.79         -72.79        76.4104             30           0.25            100              0
        -78.79         -75.79        78.2859             30           0.25            100              0
        -81.79         -78.79        79.1662             30           0.25            100              0
       -184.79         -81.79        76.1145             30           0.25            100              0
#                                                                                         #
#   =========== =========== =========== =========== =========== =========== ===========   #
#                                                                                         #
###########################################################################################
