###########################################################################################
#                                                                                         #
#   File standard version (x.y.z)       Minimal Planar3D version (x.y.z)    Checksum      #
#   ----------------------------------- ----------------------------------- -----------   #
#                                                                                         #
     2           0           0           3           6           0           8             
#                                                                                         #
#   ===================================================================================   #
#                                                                                         #
###########################################################################################
#                                                                                         #
#   Start       Finish      Stress      Young's     Poisson's   Carter's    Toughness     #
#                                       modulus     ratio       coefficient ratio         #
#   [m]         [m]         [MPa]       [GPa]       [n/d]       [um/s^0.5]  [MPa*m^0.5]   #
#   ----------- ----------- ----------- ----------- ----------- ----------- -----------   #
#                                                                                         #
            59            162         78.486             30           0.25            100              0
            56             59        78.9868             30           0.25            100              0
            53             56        78.4266             30           0.25            100              0
            50             53        77.4368             30           0.25            100              0
            47             50        77.9673             30           0.25            100              0
            44             47        77.9183             30           0.25            100              0
            41             44        76.6608             30           0.25            100              0
            38             41         76.389             30           0.25            100              0
            35             38        79.3045             30           0.25            100              0
            32             35         79.459             30           0.25            100              0
            29             32        75.3242             30           0.25            100              0
            26             29        74.7007             30           0.25            100              0
            23             26        74.5603             30           0.25            100              0
            20             23        73.5435             30           0.25            100              0
            17             20        73.8895             30           0.25            100              0
            14             17        73.1953             30           0.25            100              0
            11             14         75.225             30           0.25            100              0
             8             11         75.639             30           0.25            100              0
            -8              8             73             30           0.25            100              0
           -11             -8        74.2985             30           0.25            100              0
           -14            -11        76.8968             30           0.25            100              0
           -17            -14        78.0006             30           0.25            100              0
           -20            -17        74.1961             30           0.25            100              0
           -23            -20        78.5317             30           0.25            100              0
           -26            -23          78.78             30           0.25            100              0
           -29            -26        75.3893             30           0.25            100              0
           -32            -29        79.8169             30           0.25            100              0
           -35            -32         80.148             30           0.25            100              0
           -38            -35         80.148             30           0.25            100              0
           -41            -38        79.2633             30           0.25            100              0
           -44            -41        77.6575             30           0.25            100              0
           -47            -44         77.757             30           0.25            100              0
           -50            -47         79.785             30           0.25            100              0
           -53            -50         80.178             30           0.25            100              0
           -56            -53        79.3588             30           0.25            100              0
           -59            -56         79.976             30           0.25            100              0
           -62            -59         78.164             30           0.25            100              0
           -65            -62        78.2005             30           0.25            100              0
           -68            -65        77.0372             30           0.25            100              0
           -71            -68        74.9652             30           0.25            100              0
           -74            -71        74.9336             30           0.25            100              0
           -77            -74        77.1806             30           0.25            100              0
           -80            -77         76.298             30           0.25            100              0
           -83            -80        77.0728             30           0.25            100              0
           -86            -83        79.2436             30           0.25            100              0
          -189            -86        77.1925             30           0.25            100              0
#                                                                                         #
#   =========== =========== =========== =========== =========== =========== ===========   #
#                                                                                         #
###########################################################################################
