###########################################################################################
#                                                                                         #
#   File standard version (x.y.z)       Minimal Planar3D version (x.y.z)    Checksum      #
#   ----------------------------------- ----------------------------------- -----------   #
#                                                                                         #
     2           0           0           3           6           0           8             
#                                                                                         #
#   ===================================================================================   #
#                                                                                         #
###########################################################################################
#                                                                                         #
#   Start       Finish      Stress      Young's     Poisson's   Carter's    Toughness     #
#                                       modulus     ratio       coefficient ratio         #
#   [m]         [m]         [MPa]       [GPa]       [n/d]       [um/s^0.5]  [MPa*m^0.5]   #
#   ----------- ----------- ----------- ----------- ----------- ----------- -----------   #
#                                                                                         #
        25             280        31.9174             22           0.23              0              0
        22             25        31.9174             22           0.23              0              0
        19             22        31.9174             22           0.23              0              0
        16             19        31.9174             22           0.23              0              0
        13             16        31.9174             22           0.23              0              0
        10             13        31.9174             22           0.23              0              0
       -10             10        29.3842             22           0.23              0              0
       -13            -10        30.3975             22           0.23              0              0
       -16            -13        29.3842             22           0.23              0              0
       -19            -16        29.3842             22           0.23              0              0
       -22            -19        31.6134             22           0.23              0              0
       -25            -22        30.3975             22           0.23              0              0
       -28            -25         28.371             22           0.23              0              0
       -31            -28        32.2214             22           0.23              0              0
       -34            -31        32.2214             22           0.23              0              0
       -37            -34        32.2214             22           0.23              0              0
       -40            -37        32.2214             22           0.23              0              0
       -43            -40        32.2214             22           0.23              0              0
       -46            -43        32.2214             22           0.23              0              0
       -49            -46        32.2214             22           0.23              0              0
       -52            -49        32.2214             22           0.23              0              0
       -55            -52        32.2214             22           0.23              0              0
       -58            -55        32.2214             22           0.23              0              0
       -61            -58        32.2214             22           0.23              0              0
       -64            -61        32.2214             22           0.23              0              0
       -67            -64        32.2214             22           0.23              0              0
       -70            -67        32.2214             22           0.23              0              0
       -73            -70         28.675             22           0.23              0              0
       -76            -73         28.371             22           0.23              0              0
       -79            -76         28.371             22           0.23              0              0
       -82            -79         28.371             22           0.23              0              0
       -85            -82         28.371             22           0.23              0              0
       -88            -85         28.371             22           0.23              0              0
       -91            -88         28.371             22           0.23              0              0
       -94            -91         28.371             22           0.23              0              0
       -97            -94         28.371             22           0.23              0              0
       -100            -97         28.371             22           0.23              0              0
#                                                                                         #
#   =========== =========== =========== =========== =========== =========== ===========   #
#                                                                                         #
###########################################################################################
