###########################################################################################
#                                                                                         #
#   File standard version (x.y.z)       Minimal Planar3D version (x.y.z)    Checksum      #
#   ----------------------------------- ----------------------------------- -----------   #
#                                                                                         #
     2           0           0           3           6           0           8             
#                                                                                         #
#   ===================================================================================   #
#                                                                                         #
###########################################################################################
#                                                                                         #
#   Start       Finish      Stress      Young's     Poisson's   Carter's    Toughness     #
#                                       modulus     ratio       coefficient ratio         #
#   [m]         [m]         [MPa]       [GPa]       [n/d]       [um/s^0.5]  [MPa*m^0.5]   #
#   ----------- ----------- ----------- ----------- ----------- ----------- -----------   #
#                                                                                         #
         60.83         163.83        39.4732             30           0.25             50              0
         57.83          60.83        39.2686             30           0.25             50              0
         54.83          57.83        38.7204             30           0.25             50              0
         51.83          54.83        38.9592             30           0.25             50              0
         48.83          51.83        39.0189             30           0.25             50              0
         45.83          48.83        38.2596             30           0.25             50              0
         42.83          45.83         38.189             30           0.25             50              0
         39.83          42.83        39.6637             30           0.25             50              0
         36.83          39.83          39.73             30           0.25             50              0
         33.83          36.83        37.7732             30           0.25             50              0
         30.83          33.83        37.3438             30           0.25             50              0
         27.83          30.83        37.3225             30           0.25             50              0
         24.83          27.83          36.75             30           0.25             50              0
         21.83          24.83        36.9814             30           0.25             50              0
         18.83          21.83        36.5147             30           0.25             50              0
         15.83          18.83        37.6695             30           0.25             50              0
         12.83          15.83         37.825             30           0.25             50              0
       9.82996          12.83        36.8448             30           0.25             50              0
       6.82996        9.82996         38.504             30           0.25             50              0
      -6.82996        6.82996         36.602             30           0.25             50              0
      -9.82996       -6.82996         38.676             30           0.25             50              0
        -12.83       -9.82996        39.0747             30           0.25             50              0
        -15.83         -12.83         37.125             30           0.25             50              0
        -18.83         -15.83        39.0901             30           0.25             50              0
        -21.83         -18.83         39.395             30           0.25             50              0
        -24.83         -21.83        37.8432             30           0.25             50              0
        -27.83         -24.83         40.074             30           0.25             50              0
        -30.83         -27.83         40.074             30           0.25             50              0
        -33.83         -30.83         40.074             30           0.25             50              0
        -36.83         -33.83        39.4361             30           0.25             50              0
        -39.83         -36.83        38.7484             30           0.25             50              0
        -42.83         -39.83        38.4878             30           0.25             50              0
        -45.83         -42.83        39.8729             30           0.25             50              0
        -48.83         -45.83         40.084             30           0.25             50              0
        -51.83         -48.83        39.7969             30           0.25             50              0
        -54.83         -51.83         39.983             30           0.25             50              0
        -57.83         -54.83        38.8087             30           0.25             50              0
        -60.83         -57.83        39.2562             30           0.25             50              0
        -63.83         -60.83         39.436             30           0.25             50              0
        -66.83         -63.83        37.1733             30           0.25             50              0
        -69.83         -66.83        37.7184             30           0.25             50              0
        -72.83         -69.83        38.7764             30           0.25             50              0
        -75.83         -72.83        39.0322             30           0.25             50              0
        -78.83         -75.83         38.793             30           0.25             50              0
        -81.83         -78.83        39.6024             30           0.25             50              0
       -184.83         -81.83        38.3343             30           0.25             50              0
#                                                                                         #
#   =========== =========== =========== =========== =========== =========== ===========   #
#                                                                                         #
###########################################################################################
