###########################################################################################
#                                                                                         #
#   File standard version (x.y.z)       Minimal Planar3D version (x.y.z)    Checksum      #
#   ----------------------------------- ----------------------------------- -----------   #
#                                                                                         #
     2           0           0           3           6           0           8             
#                                                                                         #
#   ===================================================================================   #
#                                                                                         #
###########################################################################################
#                                                                                         #
#   Start       Finish      Stress      Young's     Poisson's   Carter's    Toughness     #
#                                       modulus     ratio       coefficient ratio         #
#   [m]         [m]         [MPa]       [GPa]       [n/d]       [um/s^0.5]  [MPa*m^0.5]   #
#   ----------- ----------- ----------- ----------- ----------- ----------- -----------   #
#                                                                                         #
            66            169        78.6079             30           0.25            100              0
            63             66        78.6079             30           0.25            100              0
            60             63        78.6079             30           0.25            100              0
            57             60        78.6079             30           0.25            100              0
            54             57        79.3071             30           0.25            100              0
            51             54        77.2096             30           0.25            100              0
            48             51        77.5542             30           0.25            100              0
            45             48        78.3141             30           0.25            100              0
            42             45         75.933             30           0.25            100              0
            39             42        77.9189             30           0.25            100              0
            36             39         80.452             30           0.25            100              0
            33             36        78.5269             30           0.25            100              0
            30             33        76.2572             30           0.25            100              0
            27             30        74.8184             30           0.25            100              0
            24             27        75.2946             30           0.25            100              0
            21             24        72.2853             30           0.25            100              0
            18             21         75.092             30           0.25            100              0
            15             18        73.1263             30           0.25            100              0
            12             15        75.3453             30           0.25            100              0
             9             12        73.7241             30           0.25            100              0
             6              9        73.5923             30           0.25            100              0
            -6              6        72.0826             30           0.25            100              0
            -9             -6        76.6321             30           0.25            100              0
           -12             -9        74.7677             30           0.25            100              0
           -15            -12        77.4731             30           0.25            100              0
           -18            -15        78.2026             30           0.25            100              0
           -21            -18        74.7373             30           0.25            100              0
           -24            -21        77.4934             30           0.25            100              0
           -27            -24        76.0647             30           0.25            100              0
           -30            -27        80.2798             30           0.25            100              0
           -33            -30        80.2798             30           0.25            100              0
           -36            -33        80.2798             30           0.25            100              0
           -39            -36        80.5534             30           0.25            100              0
           -42            -39        78.6586             30           0.25            100              0
           -45            -42        76.8145             30           0.25            100              0
           -48            -45        77.3312             30           0.25            100              0
           -51            -48        80.1785             30           0.25            100              0
           -54            -51        77.4832             30           0.25            100              0
           -57            -54        79.5807             30           0.25            100              0
           -60            -57        79.8745             30           0.25            100              0
           -63            -60        76.9057             30           0.25            100              0
           -66            -63        78.8612             30           0.25            100              0
           -69            -66        76.6625             30           0.25            100              0
           -72            -69        73.4201             30           0.25            100              0
           -75            -72        76.1255             30           0.25            100              0
           -78            -75        77.6251             30           0.25            100              0
           -81            -78        77.6555             30           0.25            100              0
           -84            -81         78.304             30           0.25            100              0
           -87            -84        79.3983             30           0.25            100              0
          -190            -87        76.0241             30           0.25            100              0
#                                                                                         #
#   =========== =========== =========== =========== =========== =========== ===========   #
#                                                                                         #
###########################################################################################
