###########################################################################################
#                                                                                         #
#   File standard version (x.y.z)       Minimal Planar3D version (x.y.z)    Checksum      #
#   ----------------------------------- ----------------------------------- -----------   #
#                                                                                         #
     2           0           0           3           6           0           8             
#                                                                                         #
#   ===================================================================================   #
#                                                                                         #
###########################################################################################
#                                                                                         #
#   Start       Finish      Stress      Young's     Poisson's   Carter's    Toughness     #
#                                       modulus     ratio       coefficient ratio         #
#   [m]         [m]         [MPa]       [GPa]       [n/d]       [um/s^0.5]  [MPa*m^0.5]   #
#   ----------- ----------- ----------- ----------- ----------- ----------- -----------   #
#                                                                                         #
         57.79         160.79         79.214             30           0.25             25              0
         54.79          57.79        77.9192             30           0.25             25              0
         51.79          54.79        77.4199             30           0.25             25              0
         48.79          51.79        78.2337             30           0.25             25              0
         45.79          48.79        77.3687             30           0.25             25              0
         42.79          45.79        77.3055             30           0.25             25              0
         39.79          42.79        78.9238             30           0.25             25              0
         36.79          39.79         78.999             30           0.25             25              0
         33.79          36.79        77.5418             30           0.25             25              0
         30.79          33.79        75.1001             30           0.25             25              0
         27.79          30.79        74.8042             30           0.25             25              0
         24.79          27.79        74.1455             30           0.25             25              0
         21.79          24.79         73.751             30           0.25             25              0
         18.79          21.79        73.5165             30           0.25             25              0
         15.79          18.79        73.9579             30           0.25             25              0
         12.79          15.79         74.712             30           0.25             25              0
       9.78998          12.79         73.754             30           0.25             25              0
       6.78998        9.78998         73.785             30           0.25             25              0
      -6.78998        6.78998        72.9138             30           0.25             25              0
      -9.78998       -6.78998        75.4197             30           0.25             25              0
        -12.79       -9.78998        77.5443             30           0.25             25              0
        -15.79         -12.79         77.252             30           0.25             25              0
        -18.79         -15.79        75.3813             30           0.25             25              0
        -21.79         -18.79        77.4121             30           0.25             25              0
        -24.79         -21.79        75.9855             30           0.25             25              0
        -27.79         -24.79        77.1855             30           0.25             25              0
        -30.79         -27.79         80.148             30           0.25             25              0
        -33.79         -30.79         80.148             30           0.25             25              0
        -36.79         -33.79         80.148             30           0.25             25              0
        -39.79         -36.79        78.1395             30           0.25             25              0
        -42.79         -39.79        77.2049             30           0.25             25              0
        -45.79         -42.79        78.0235             30           0.25             25              0
        -48.79         -45.79        79.0176             30           0.25             25              0
        -51.79         -48.79        78.2461             30           0.25             25              0
        -54.79         -51.79        79.5848             30           0.25             25              0
        -57.79         -54.79         79.976             30           0.25             25              0
        -60.79         -57.79        77.3125             30           0.25             25              0
        -63.79         -60.79        78.0898             30           0.25             25              0
        -66.79         -63.79         78.871             30           0.25             25              0
        -69.79         -66.79        73.3896             30           0.25             25              0
        -72.79         -69.79        76.2057             30           0.25             25              0
        -75.79         -72.79        78.2033             30           0.25             25              0
        -78.79         -75.79        77.1026             30           0.25             25              0
        -81.79         -78.79        78.8237             30           0.25             25              0
       -184.79         -81.79        78.8981             30           0.25             25              0
#                                                                                         #
#   =========== =========== =========== =========== =========== =========== ===========   #
#                                                                                         #
###########################################################################################
